9 4

1 6
0 4 6 5 2 0

2 5
0 1 2 3 7

3 5
4 5 7 6 8

4 7
8 3 1 0 6 7 8

0
A 14
1 2 4
1 9 4
1 20 4
1 26 -1
1 30 4
1 35 -1
1 47 -1
1 53 -1
2 4 1
2 9 1
2 22 1
2 40 1
4 30 6
4 37 6

1
B 6
2 8 2
2 14 2
2 29 2
2 43 2
4 27 0
4 34 0

2
C 8
1 21 0
1 30 0
1 43 0
1 48 0
2 14 3
2 20 3
2 34 3
2 50 3


3
D 6
2 19 7
2 26 7
2 39 7
2 56 7
4 20 1
4 28 1

4
E 7
1 6 6
1 15 6
1 28 6
1 35 6
3 0 5
3 10 5
3 31 5

5
F 7
1 17 2
1 26 2
1 40 2
1 44 2
3 9 7
3 18 7
3 41 7

6
G 9
1 12 5
1 21 5
1 35 5
1 40 5
3 21 8
3 30 8
3 52 8
4 38 7
4 44 7

7
H 9
2 28 -1
2 33 -1
2 46 -1
2 62 -1
3 14 6
3 24 6
3 47 6
4 44 8
4 49 8

8
I 7
3 23 -1
3 32 -1
3 54 -1
4 12 3
4 21 3
4 49 -1
4 53 -1